# Created by Octave 3.8.0, Fri Mar 18 16:42:33 2016 KST <John-Mac@ParkSeong-Joons-MacBook-Pro.local>
# name: k
# type: matrix
# rows: 10
# columns: 1
 6.1101
 5.5277
 8.518599999999999
 7.0032
 5.8598
 8.382899999999999
 7.4764
 8.578099999999999
 6.4862
 5.0546


